[Train]
    mean = [0.36643333, 0.3665, 0.36623333]
    std =  [0.2743,0.2743,0.2742]
[Validation]
    mean = [0.36793333, 0.36796667, 0.36773333]
    std = [0.09333333, 0.09333333, 0.0933]